Sample holder length =	6.9500e-003 meters
Sample thickness =	4.7400e-003 meters
Distance to sample =	0.0000e+000 meters
Sample holder Fco =	0.0000e+000 GHz
 
frequency	s11r	s11i	s21r	s21i	s12r	s12i	s22r	s22i
1200000000.0000	  -0.1631	  -0.2509	   0.8069	  -0.4202	   0.8072	  -0.4211	  -0.1862	  -0.2313
1280000000.0000	  -0.1780	  -0.2605	   0.7888	  -0.4391	   0.7890	  -0.4402	  -0.2029	  -0.2370
1360000000.0000	  -0.1922	  -0.2682	   0.7703	  -0.4568	   0.7707	  -0.4580	  -0.2193	  -0.2415
1440000000.0000	  -0.2067	  -0.2747	   0.7515	  -0.4735	   0.7517	  -0.4747	  -0.2364	  -0.2453
1520000000.0000	  -0.2207	  -0.2823	   0.7334	  -0.4898	   0.7333	  -0.4907	  -0.2528	  -0.2476
1600000000.0000	  -0.2350	  -0.2884	   0.7146	  -0.5048	   0.7145	  -0.5056	  -0.2693	  -0.2485
1680000000.0000	  -0.2501	  -0.2922	   0.6954	  -0.5187	   0.6953	  -0.5196	  -0.2861	  -0.2494
1760000000.0000	  -0.2626	  -0.2972	   0.6770	  -0.5326	   0.6764	  -0.5332	  -0.3017	  -0.2489
1840000000.0000	  -0.2764	  -0.3003	   0.6581	  -0.5451	   0.6572	  -0.5455	  -0.3175	  -0.2480
1920000000.0000	  -0.2914	  -0.3026	   0.6392	  -0.5563	   0.6384	  -0.5569	  -0.3335	  -0.2461
2000000000.0000	  -0.3042	  -0.3040	   0.6205	  -0.5675	   0.6195	  -0.5677	  -0.3488	  -0.2432
2080000000.0000	  -0.3174	  -0.3046	   0.6014	  -0.5778	   0.6006	  -0.5777	  -0.3642	  -0.2401
2160000000.0000	  -0.3317	  -0.3064	   0.5828	  -0.5870	   0.5822	  -0.5874	  -0.3786	  -0.2359
2240000000.0000	  -0.3446	  -0.3059	   0.5648	  -0.5953	   0.5637	  -0.5959	  -0.3930	  -0.2308
2320000000.0000	  -0.3564	  -0.3042	   0.5467	  -0.6039	   0.5451	  -0.6037	  -0.4076	  -0.2256
2400000000.0000	  -0.3687	  -0.3041	   0.5283	  -0.6120	   0.5270	  -0.6113	  -0.4209	  -0.2196
2480000000.0000	  -0.3820	  -0.3010	   0.5104	  -0.6178	   0.5093	  -0.6180	  -0.4343	  -0.2131
2560000000.0000	  -0.3948	  -0.2974	   0.4927	  -0.6234	   0.4914	  -0.6242	  -0.4473	  -0.2058
2640000000.0000	  -0.4067	  -0.2961	   0.4752	  -0.6297	   0.4742	  -0.6297	  -0.4602	  -0.1978
2720000000.0000	  -0.4189	  -0.2952	   0.4581	  -0.6352	   0.4570	  -0.6350	  -0.4724	  -0.1894
2800000000.0000	  -0.4313	  -0.2913	   0.4413	  -0.6395	   0.4403	  -0.6402	  -0.4836	  -0.1807
2880000000.0000	  -0.4411	  -0.2866	   0.4247	  -0.6441	   0.4235	  -0.6447	  -0.4946	  -0.1716
2960000000.0000	  -0.4522	  -0.2830	   0.4077	  -0.6481	   0.4066	  -0.6483	  -0.5061	  -0.1626
3040000000.0000	  -0.4658	  -0.2811	   0.3915	  -0.6509	   0.3907	  -0.6519	  -0.5163	  -0.1526
3120000000.0000	  -0.4761	  -0.2763	   0.3759	  -0.6539	   0.3748	  -0.6554	  -0.5260	  -0.1424
3200000000.0000	  -0.4848	  -0.2728	   0.3603	  -0.6575	   0.3594	  -0.6582	  -0.5354	  -0.1319
3280000000.0000	  -0.4956	  -0.2711	   0.3448	  -0.6603	   0.3436	  -0.6612	  -0.5442	  -0.1210
3360000000.0000	  -0.5062	  -0.2654	   0.3307	  -0.6622	   0.3280	  -0.6635	  -0.5528	  -0.1106
3440000000.0000	  -0.5142	  -0.2597	   0.3158	  -0.6651	   0.3131	  -0.6657	  -0.5605	  -0.0995
3520000000.0000	  -0.5221	  -0.2565	   0.2994	  -0.6680	   0.2985	  -0.6669	  -0.5682	  -0.0876
3600000000.0000	  -0.5325	  -0.2517	   0.2844	  -0.6688	   0.2840	  -0.6688	  -0.5757	  -0.0762
3680000000.0000	  -0.5414	  -0.2446	   0.2712	  -0.6700	   0.2694	  -0.6705	  -0.5822	  -0.0645
3760000000.0000	  -0.5464	  -0.2390	   0.2566	  -0.6726	   0.2553	  -0.6718	  -0.5881	  -0.0521
3840000000.0000	  -0.5556	  -0.2351	   0.2413	  -0.6734	   0.2414	  -0.6725	  -0.5939	  -0.0397
3920000000.0000	  -0.5645	  -0.2279	   0.2284	  -0.6731	   0.2277	  -0.6739	  -0.5995	  -0.0273
4000000000.0000	  -0.5695	  -0.2190	   0.2152	  -0.6747	   0.2133	  -0.6747	  -0.6039	  -0.0154
4080000000.0000	  -0.5757	  -0.2143	   0.2001	  -0.6760	   0.1997	  -0.6752	  -0.6085	  -0.0026
4160000000.0000	  -0.5842	  -0.2087	   0.1859	  -0.6758	   0.1860	  -0.6750	  -0.6128	   0.0104
4240000000.0000	  -0.5907	  -0.1989	   0.1741	  -0.6751	   0.1727	  -0.6750	  -0.6168	   0.0226
4320000000.0000	  -0.5944	  -0.1918	   0.1608	  -0.6756	   0.1599	  -0.6754	  -0.6195	   0.0355
4400000000.0000	  -0.6023	  -0.1874	   0.1469	  -0.6749	   0.1474	  -0.6754	  -0.6221	   0.0486
4480000000.0000	  -0.6105	  -0.1808	   0.1348	  -0.6745	   0.1340	  -0.6747	  -0.6251	   0.0615
4560000000.0000	  -0.6136	  -0.1717	   0.1229	  -0.6754	   0.1205	  -0.6744	  -0.6268	   0.0737
4640000000.0000	  -0.6164	  -0.1655	   0.1088	  -0.6744	   0.1083	  -0.6739	  -0.6282	   0.0866
4720000000.0000	  -0.6248	  -0.1593	   0.0968	  -0.6718	   0.0970	  -0.6732	  -0.6296	   0.0999
4800000000.0000	  -0.6306	  -0.1497	   0.0871	  -0.6716	   0.0841	  -0.6723	  -0.6310	   0.1126
4880000000.0000	  -0.6327	  -0.1420	   0.0743	  -0.6727	   0.0714	  -0.6719	  -0.6309	   0.1250
4960000000.0000	  -0.6383	  -0.1368	   0.0597	  -0.6708	   0.0592	  -0.6706	  -0.6305	   0.1384
5040000000.0000	  -0.6458	  -0.1279	   0.0492	  -0.6683	   0.0480	  -0.6688	  -0.6309	   0.1519
5120000000.0000	  -0.6490	  -0.1183	   0.0392	  -0.6686	   0.0356	  -0.6677	  -0.6303	   0.1641
5200000000.0000	  -0.6500	  -0.1117	   0.0253	  -0.6680	   0.0236	  -0.6673	  -0.6287	   0.1764
5280000000.0000	  -0.6577	  -0.1050	   0.0124	  -0.6641	   0.0118	  -0.6653	  -0.6268	   0.1898
5360000000.0000	  -0.6635	  -0.0940	   0.0030	  -0.6618	   0.0012	  -0.6622	  -0.6263	   0.2030
5440000000.0000	  -0.6634	  -0.0867	  -0.0080	  -0.6624	  -0.0111	  -0.6606	  -0.6241	   0.2149
5520000000.0000	  -0.6679	  -0.0818	  -0.0205	  -0.6594	  -0.0224	  -0.6603	  -0.6206	   0.2270
5600000000.0000	  -0.6744	  -0.0730	  -0.0313	  -0.6568	  -0.0337	  -0.6589	  -0.6175	   0.2405
5680000000.0000	  -0.6759	  -0.0624	  -0.0421	  -0.6570	  -0.0451	  -0.6552	  -0.6154	   0.2526
5760000000.0000	  -0.6751	  -0.0566	  -0.0563	  -0.6542	  -0.0570	  -0.6523	  -0.6121	   0.2642
5840000000.0000	  -0.6809	  -0.0506	  -0.0671	  -0.6488	  -0.0676	  -0.6507	  -0.6071	   0.2761
5920000000.0000	  -0.6842	  -0.0386	  -0.0751	  -0.6482	  -0.0780	  -0.6487	  -0.6030	   0.2894
6000000000.0000	  -0.6824	  -0.0306	  -0.0879	  -0.6485	  -0.0894	  -0.6454	  -0.5994	   0.3010
6080000000.0000	  -0.6841	  -0.0256	  -0.1017	  -0.6425	  -0.1018	  -0.6426	  -0.5947	   0.3115
6160000000.0000	  -0.6887	  -0.0148	  -0.1098	  -0.6377	  -0.1113	  -0.6404	  -0.5883	   0.3237
6240000000.0000	  -0.6877	  -0.0037	  -0.1194	  -0.6386	  -0.1210	  -0.6371	  -0.5835	   0.3364
6320000000.0000	  -0.6846	   0.0022	  -0.1340	  -0.6365	  -0.1325	  -0.6336	  -0.5785	   0.3472
6400000000.0000	  -0.6891	   0.0100	  -0.1443	  -0.6294	  -0.1449	  -0.6316	  -0.5720	   0.3577
6480000000.0000	  -0.6911	   0.0226	  -0.1516	  -0.6273	  -0.1545	  -0.6286	  -0.5646	   0.3697
6560000000.0000	  -0.6875	   0.0306	  -0.1637	  -0.6272	  -0.1640	  -0.6246	  -0.5586	   0.3813
6640000000.0000	  -0.6892	   0.0355	  -0.1759	  -0.6208	  -0.1748	  -0.6204	  -0.5529	   0.3914
6720000000.0000	  -0.6918	   0.0463	  -0.1840	  -0.6166	  -0.1865	  -0.6185	  -0.5443	   0.4013
6800000000.0000	  -0.6890	   0.0579	  -0.1941	  -0.6171	  -0.1959	  -0.6154	  -0.5363	   0.4127
6880000000.0000	  -0.6869	   0.0622	  -0.2073	  -0.6129	  -0.2057	  -0.6107	  -0.5297	   0.4236
6960000000.0000	  -0.6890	   0.0706	  -0.2155	  -0.6071	  -0.2166	  -0.6072	  -0.5219	   0.4327
7040000000.0000	  -0.6884	   0.0840	  -0.2236	  -0.6062	  -0.2274	  -0.6058	  -0.5123	   0.4424
7120000000.0000	  -0.6846	   0.0910	  -0.2381	  -0.6042	  -0.2367	  -0.6021	  -0.5036	   0.4524
7200000000.0000	  -0.6842	   0.0967	  -0.2493	  -0.5959	  -0.2485	  -0.5967	  -0.4962	   0.4627
7280000000.0000	  -0.6842	   0.1081	  -0.2553	  -0.5927	  -0.2596	  -0.5916	  -0.4871	   0.4697
7360000000.0000	  -0.6797	   0.1186	  -0.2669	  -0.5930	  -0.2683	  -0.5895	  -0.4767	   0.4789
7440000000.0000	  -0.6750	   0.1247	  -0.2817	  -0.5870	  -0.2775	  -0.5856	  -0.4667	   0.4892
7520000000.0000	  -0.6757	   0.1333	  -0.2880	  -0.5792	  -0.2886	  -0.5803	  -0.4586	   0.4966
7600000000.0000	  -0.6718	   0.1448	  -0.2966	  -0.5780	  -0.3004	  -0.5764	  -0.4473	   0.5038
7680000000.0000	  -0.6662	   0.1521	  -0.3107	  -0.5755	  -0.3097	  -0.5733	  -0.4358	   0.5116
7760000000.0000	  -0.6635	   0.1578	  -0.3219	  -0.5673	  -0.3186	  -0.5682	  -0.4256	   0.5205
7840000000.0000	  -0.6605	   0.1676	  -0.3287	  -0.5624	  -0.3310	  -0.5632	  -0.4154	   0.5269
7920000000.0000	  -0.6547	   0.1774	  -0.3396	  -0.5608	  -0.3427	  -0.5587	  -0.4035	   0.5324
8000000000.0000	  -0.6499	   0.1821	  -0.3527	  -0.5546	  -0.3522	  -0.5544	  -0.3904	   0.5401
8080000000.0000	  -0.6462	   0.1898	  -0.3613	  -0.5480	  -0.3614	  -0.5476	  -0.3799	   0.5471
8160000000.0000	  -0.6408	   0.2000	  -0.3705	  -0.5451	  -0.3727	  -0.5429	  -0.3690	   0.5520
8240000000.0000	  -0.6337	   0.2074	  -0.3849	  -0.5405	  -0.3847	  -0.5386	  -0.3554	   0.5566
8320000000.0000	  -0.6307	   0.2133	  -0.3948	  -0.5322	  -0.3946	  -0.5337	  -0.3418	   0.5632
8400000000.0000	  -0.6261	   0.2214	  -0.4020	  -0.5271	  -0.4052	  -0.5253	  -0.3314	   0.5680
8480000000.0000	  -0.6187	   0.2307	  -0.4153	  -0.5244	  -0.4166	  -0.5197	  -0.3187	   0.5724
8560000000.0000	  -0.6125	   0.2369	  -0.4296	  -0.5159	  -0.4278	  -0.5155	  -0.3044	   0.5748
8640000000.0000	  -0.6091	   0.2437	  -0.4361	  -0.5076	  -0.4374	  -0.5094	  -0.2913	   0.5805
8720000000.0000	  -0.6023	   0.2516	  -0.4452	  -0.5044	  -0.4494	  -0.5006	  -0.2789	   0.5837
8800000000.0000	  -0.5950	   0.2588	  -0.4611	  -0.4984	  -0.4609	  -0.4937	  -0.2667	   0.5847
8880000000.0000	  -0.5902	   0.2646	  -0.4733	  -0.4873	  -0.4714	  -0.4887	  -0.2502	   0.5873
8960000000.0000	  -0.5852	   0.2715	  -0.4796	  -0.4810	  -0.4812	  -0.4819	  -0.2375	   0.5907
9040000000.0000	  -0.5753	   0.2781	  -0.4926	  -0.4757	  -0.4941	  -0.4722	  -0.2254	   0.5920
9120000000.0000	  -0.5682	   0.2831	  -0.5073	  -0.4653	  -0.5065	  -0.4644	  -0.2116	   0.5910
9200000000.0000	  -0.5622	   0.2893	  -0.5157	  -0.4562	  -0.5164	  -0.4570	  -0.1962	   0.5921
9280000000.0000	  -0.5537	   0.2956	  -0.5249	  -0.4505	  -0.5265	  -0.4479	  -0.1831	   0.5932
9360000000.0000	  -0.5447	   0.3000	  -0.5397	  -0.4402	  -0.5392	  -0.4381	  -0.1717	   0.5923
9440000000.0000	  -0.5378	   0.3048	  -0.5502	  -0.4274	  -0.5516	  -0.4296	  -0.1566	   0.5897
9520000000.0000	  -0.5294	   0.3098	  -0.5582	  -0.4208	  -0.5608	  -0.4194	  -0.1425	   0.5891
9600000000.0000	  -0.5188	   0.3134	  -0.5707	  -0.4123	  -0.5702	  -0.4084	  -0.1312	   0.5884
9680000000.0000	  -0.5101	   0.3164	  -0.5832	  -0.3970	  -0.5829	  -0.3976	  -0.1192	   0.5842
9760000000.0000	  -0.5013	   0.3217	  -0.5901	  -0.3864	  -0.5940	  -0.3889	  -0.1048	   0.5808
9840000000.0000	  -0.4915	   0.3237	  -0.6005	  -0.3797	  -0.6036	  -0.3769	  -0.0911	   0.5777
9920000000.0000	  -0.4815	   0.3253	  -0.6139	  -0.3663	  -0.6132	  -0.3632	  -0.0810	   0.5747
10000000000.0000	  -0.4734	   0.3287	  -0.6217	  -0.3498	  -0.6247	  -0.3514	  -0.0695	   0.5684
10080000000.0000	  -0.4629	   0.3311	  -0.6283	  -0.3407	  -0.6336	  -0.3410	  -0.0561	   0.5635
10160000000.0000	  -0.4515	   0.3301	  -0.6407	  -0.3305	  -0.6427	  -0.3279	  -0.0441	   0.5593
10240000000.0000	  -0.4430	   0.3313	  -0.6510	  -0.3135	  -0.6520	  -0.3127	  -0.0355	   0.5540
10320000000.0000	  -0.4331	   0.3344	  -0.6565	  -0.2991	  -0.6616	  -0.2996	  -0.0237	   0.5464
10400000000.0000	  -0.4229	   0.3340	  -0.6655	  -0.2898	  -0.6683	  -0.2875	  -0.0116	   0.5406
10480000000.0000	  -0.4141	   0.3331	  -0.6762	  -0.2758	  -0.6761	  -0.2741	  -0.0013	   0.5361
10560000000.0000	  -0.4063	   0.3359	  -0.6819	  -0.2592	  -0.6851	  -0.2596	   0.0078	   0.5292
10640000000.0000	  -0.3959	   0.3379	  -0.6889	  -0.2480	  -0.6934	  -0.2467	   0.0186	   0.5206
10720000000.0000	  -0.3872	   0.3360	  -0.7000	  -0.2359	  -0.7000	  -0.2332	   0.0308	   0.5131
10800000000.0000	  -0.3779	   0.3368	  -0.7083	  -0.2191	  -0.7082	  -0.2187	   0.0399	   0.5066
10880000000.0000	  -0.3670	   0.3409	  -0.7136	  -0.2051	  -0.7174	  -0.2040	   0.0484	   0.4969
10960000000.0000	  -0.3561	   0.3393	  -0.7234	  -0.1921	  -0.7260	  -0.1892	   0.0586	   0.4861
11040000000.0000	  -0.3474	   0.3369	  -0.7334	  -0.1749	  -0.7323	  -0.1730	   0.0690	   0.4771
11120000000.0000	  -0.3373	   0.3385	  -0.7374	  -0.1573	  -0.7390	  -0.1562	   0.0753	   0.4673
11200000000.0000	  -0.3228	   0.3374	  -0.7437	  -0.1428	  -0.7469	  -0.1399	   0.0818	   0.4562
11280000000.0000	  -0.3129	   0.3326	  -0.7543	  -0.1257	  -0.7540	  -0.1234	   0.0907	   0.4439
11360000000.0000	  -0.3058	   0.3300	  -0.7598	  -0.1060	  -0.7588	  -0.1048	   0.0980	   0.4332
11440000000.0000	  -0.2924	   0.3293	  -0.7620	  -0.0887	  -0.7641	  -0.0862	   0.1021	   0.4229
11520000000.0000	  -0.2800	   0.3238	  -0.7684	  -0.0723	  -0.7692	  -0.0683	   0.1069	   0.4103
11600000000.0000	  -0.2733	   0.3169	  -0.7756	  -0.0518	  -0.7740	  -0.0506	   0.1140	   0.3974
11680000000.0000	  -0.2642	   0.3151	  -0.7777	  -0.0319	  -0.7773	  -0.0308	   0.1179	   0.3865
11760000000.0000	  -0.2508	   0.3098	  -0.7797	  -0.0144	  -0.7810	  -0.0107	   0.1199	   0.3744
11840000000.0000	  -0.2415	   0.3003	  -0.7842	   0.0055	  -0.7839	   0.0085	   0.1225	   0.3611
11920000000.0000	  -0.2366	   0.2954	  -0.7875	   0.0265	  -0.7854	   0.0268	   0.1266	   0.3482
12000000000.0000	  -0.2256	   0.2905	  -0.7873	   0.0461	  -0.7870	   0.0479	   0.1273	   0.3369
12080000000.0000	  -0.2141	   0.2803	  -0.7881	   0.0657	  -0.7882	   0.0688	   0.1266	   0.3249
12160000000.0000	  -0.2086	   0.2711	  -0.7894	   0.0868	  -0.7885	   0.0891	   0.1270	   0.3107
12240000000.0000	  -0.2016	   0.2651	  -0.7884	   0.1075	  -0.7875	   0.1086	   0.1271	   0.2991
12320000000.0000	  -0.1889	   0.2570	  -0.7875	   0.1278	  -0.7866	   0.1299	   0.1251	   0.2883
12400000000.0000	  -0.1828	   0.2446	  -0.7867	   0.1496	  -0.7852	   0.1512	   0.1220	   0.2757
12480000000.0000	  -0.1784	   0.2365	  -0.7834	   0.1715	  -0.7830	   0.1719	   0.1194	   0.2636
12560000000.0000	  -0.1693	   0.2300	  -0.7784	   0.1917	  -0.7786	   0.1928	   0.1175	   0.2530
12640000000.0000	  -0.1599	   0.2181	  -0.7754	   0.2120	  -0.7745	   0.2139	   0.1131	   0.2429
12720000000.0000	  -0.1568	   0.2061	  -0.7718	   0.2338	  -0.7707	   0.2345	   0.1071	   0.2325
12800000000.0000	  -0.1548	   0.1997	  -0.7650	   0.2552	  -0.7652	   0.2552	   0.1039	   0.2213
12880000000.0000	  -0.1453	   0.1894	  -0.7575	   0.2748	  -0.7583	   0.2761	   0.0981	   0.2126
12960000000.0000	  -0.1392	   0.1753	  -0.7519	   0.2945	  -0.7512	   0.2962	   0.0906	   0.2043
13040000000.0000	  -0.1406	   0.1659	  -0.7454	   0.3161	  -0.7442	   0.3161	   0.0844	   0.1952
13120000000.0000	  -0.1376	   0.1582	  -0.7353	   0.3364	  -0.7362	   0.3360	   0.0777	   0.1867
13200000000.0000	  -0.1303	   0.1459	  -0.7253	   0.3558	  -0.7267	   0.3564	   0.0701	   0.1799
13280000000.0000	  -0.1306	   0.1303	  -0.7172	   0.3736	  -0.7168	   0.3756	   0.0610	   0.1734
13360000000.0000	  -0.1332	   0.1217	  -0.7076	   0.3934	  -0.7066	   0.3940	   0.0523	   0.1662
13440000000.0000	  -0.1283	   0.1137	  -0.6951	   0.4121	  -0.6956	   0.4123	   0.0442	   0.1604
13520000000.0000	  -0.1247	   0.0971	  -0.6834	   0.4305	  -0.6840	   0.4314	   0.0350	   0.1567
13600000000.0000	  -0.1290	   0.0837	  -0.6721	   0.4478	  -0.6717	   0.4494	   0.0245	   0.1527
13680000000.0000	  -0.1310	   0.0798	  -0.6590	   0.4647	  -0.6587	   0.4663	   0.0164	   0.1478
13760000000.0000	  -0.1252	   0.0676	  -0.6448	   0.4811	  -0.6452	   0.4822	   0.0067	   0.1449
13840000000.0000	  -0.1272	   0.0494	  -0.6315	   0.4982	  -0.6319	   0.4993	  -0.0032	   0.1439
13920000000.0000	  -0.1371	   0.0431	  -0.6175	   0.5142	  -0.6173	   0.5151	  -0.0138	   0.1406
14000000000.0000	  -0.1338	   0.0404	  -0.6008	   0.5288	  -0.6023	   0.5309	  -0.0229	   0.1389
14080000000.0000	  -0.1316	   0.0227	  -0.5859	   0.5426	  -0.5857	   0.5441	  -0.0328	   0.1395
14160000000.0000	  -0.1453	   0.0082	  -0.5713	   0.5579	  -0.5714	   0.5583	  -0.0445	   0.1404
14240000000.0000	  -0.1518	   0.0087	  -0.5550	   0.5720	  -0.5558	   0.5717	  -0.0544	   0.1400
14320000000.0000	  -0.1441	  -0.0008	  -0.5359	   0.5826	  -0.5393	   0.5857	  -0.0636	   0.1418
14400000000.0000	  -0.1528	  -0.0223	  -0.5212	   0.5945	  -0.5209	   0.5967	  -0.0734	   0.1449
14480000000.0000	  -0.1704	  -0.0242	  -0.5055	   0.6090	  -0.5050	   0.6080	  -0.0846	   0.1471
14560000000.0000	  -0.1673	  -0.0232	  -0.4872	   0.6200	  -0.4881	   0.6178	  -0.0938	   0.1500
14640000000.0000	  -0.1651	  -0.0444	  -0.4665	   0.6286	  -0.4715	   0.6300	  -0.1010	   0.1548
14720000000.0000	  -0.1867	  -0.0573	  -0.4526	   0.6378	  -0.4532	   0.6399	  -0.1101	   0.1604
14800000000.0000	  -0.1967	  -0.0488	  -0.4354	   0.6496	  -0.4357	   0.6486	  -0.1205	   0.1646
14880000000.0000	  -0.1855	  -0.0597	  -0.4157	   0.6567	  -0.4179	   0.6556	  -0.1271	   0.1691
14960000000.0000	  -0.2005	  -0.0841	  -0.3952	   0.6633	  -0.4017	   0.6658	  -0.1337	   0.1751
15040000000.0000	  -0.2250	  -0.0778	  -0.3817	   0.6723	  -0.3820	   0.6722	  -0.1440	   0.1828
15120000000.0000	  -0.2165	  -0.0725	  -0.3614	   0.6803	  -0.3642	   0.6796	  -0.1512	   0.1882
15200000000.0000	  -0.2157	  -0.0986	  -0.3420	   0.6818	  -0.3454	   0.6852	  -0.1561	   0.1936
15280000000.0000	  -0.2474	  -0.1079	  -0.3252	   0.6883	  -0.3289	   0.6923	  -0.1617	   0.2038
15360000000.0000	  -0.2530	  -0.0888	  -0.3077	   0.6978	  -0.3099	   0.6950	  -0.1704	   0.2120
15440000000.0000	  -0.2388	  -0.1026	  -0.2863	   0.6982	  -0.2926	   0.7011	  -0.1764	   0.2179
15520000000.0000	  -0.2619	  -0.1285	  -0.2710	   0.6975	  -0.2728	   0.7050	  -0.1791	   0.2254
15600000000.0000	  -0.2888	  -0.1120	  -0.2550	   0.7088	  -0.2558	   0.7097	  -0.1829	   0.2366
15680000000.0000	  -0.2711	  -0.1066	  -0.2327	   0.7133	  -0.2386	   0.7086	  -0.1899	   0.2466
15760000000.0000	  -0.2748	  -0.1348	  -0.2137	   0.7058	  -0.2235	   0.7155	  -0.1965	   0.2525
15840000000.0000	  -0.3117	  -0.1344	  -0.2006	   0.7056	  -0.2004	   0.7189	  -0.1942	   0.2629
15920000000.0000	  -0.3117	  -0.1096	  -0.1801	   0.7187	  -0.1841	   0.7187	  -0.1969	   0.2740
16000000000.0000	  -0.2955	  -0.1296	  -0.1586	   0.7155	  -0.1650	   0.7186	  -0.2037	   0.2835
16080000000.0000	  -0.3269	  -0.1505	  -0.1485	   0.7078	  -0.1476	   0.7214	  -0.2056	   0.2894
16160000000.0000	  -0.3467	  -0.1212	  -0.1312	   0.7140	  -0.1301	   0.7202	  -0.2024	   0.2991
16240000000.0000	  -0.3262	  -0.1172	  -0.1063	   0.7174	  -0.1144	   0.7222	  -0.2043	   0.3133
16320000000.0000	  -0.3379	  -0.1499	  -0.0923	   0.7102	  -0.0929	   0.7164	  -0.2088	   0.3228
16400000000.0000	  -0.3731	  -0.1356	  -0.0823	   0.7079	  -0.0775	   0.7166	  -0.2096	   0.3274
16480000000.0000	  -0.3646	  -0.1072	  -0.0554	   0.7117	  -0.0619	   0.7151	  -0.2035	   0.3394
16560000000.0000	  -0.3544	  -0.1334	  -0.0379	   0.7050	  -0.0476	   0.7178	  -0.2024	   0.3565
16640000000.0000	  -0.3903	  -0.1447	  -0.0333	   0.7029	  -0.0262	   0.7088	  -0.2059	   0.3639
16720000000.0000	  -0.4008	  -0.1108	  -0.0149	   0.7042	  -0.0110	   0.7066	  -0.2037	   0.3695
16800000000.0000	  -0.3804	  -0.1109	   0.0148	   0.6975	   0.0071	   0.7034	  -0.1921	   0.3791
16880000000.0000	  -0.4003	  -0.1346	   0.0205	   0.6889	   0.0181	   0.7003	  -0.1899	   0.3958
16960000000.0000	  -0.4293	  -0.1191	   0.0252	   0.6918	   0.0329	   0.6914	  -0.1911	   0.4038
17040000000.0000	  -0.4137	  -0.0986	   0.0503	   0.6869	   0.0508	   0.6913	  -0.1849	   0.4086
17120000000.0000	  -0.4121	  -0.1152	   0.0700	   0.6755	   0.0677	   0.6829	  -0.1711	   0.4164
17200000000.0000	  -0.4421	  -0.1203	   0.0721	   0.6723	   0.0723	   0.6775	  -0.1687	   0.4313
17280000000.0000	  -0.4483	  -0.0963	   0.0848	   0.6712	   0.0868	   0.6708	  -0.1687	   0.4397
17360000000.0000	  -0.4319	  -0.0950	   0.1076	   0.6581	   0.1052	   0.6684	  -0.1592	   0.4416
17440000000.0000	  -0.4463	  -0.1120	   0.1158	   0.6515	   0.1178	   0.6620	  -0.1474	   0.4490
17520000000.0000	  -0.4706	  -0.1016	   0.1205	   0.6538	   0.1221	   0.6564	  -0.1425	   0.4627
17600000000.0000	  -0.4603	  -0.0829	   0.1382	   0.6446	   0.1353	   0.6472	  -0.1400	   0.4700
17680000000.0000	  -0.4484	  -0.0973	   0.1533	   0.6292	   0.1513	   0.6447	  -0.1314	   0.4716
17760000000.0000	  -0.4764	  -0.1034	   0.1575	   0.6331	   0.1618	   0.6425	  -0.1189	   0.4799
17840000000.0000	  -0.4869	  -0.0801	   0.1706	   0.6332	   0.1683	   0.6362	  -0.1126	   0.4931
17920000000.0000	  -0.4637	  -0.0787	   0.1856	   0.6165	   0.1818	   0.6232	  -0.1087	   0.4977
18000000000.0000	  -0.4739	  -0.0953	   0.1936	   0.6090	   0.1921	   0.6227	  -0.1005	   0.5008
18080000000.0000	  -0.5014	  -0.0830	   0.2038	   0.6155	   0.2027	   0.6230	  -0.0855	   0.5088
18160000000.0000	  -0.4859	  -0.0643	   0.2169	   0.6070	   0.2113	   0.6149	  -0.0787	   0.5191
18240000000.0000	  -0.4757	  -0.0799	   0.2240	   0.5923	   0.2248	   0.6048	  -0.0719	   0.5239
18320000000.0000	  -0.5042	  -0.0811	   0.2346	   0.5939	   0.2361	   0.6047	  -0.0595	   0.5236
18400000000.0000	  -0.5066	  -0.0576	   0.2539	   0.5996	   0.2418	   0.6088	  -0.0519	   0.5314
18480000000.0000	  -0.4923	  -0.0635	   0.2605	   0.5769	   0.2570	   0.5936	  -0.0458	   0.5409
18560000000.0000	  -0.5048	  -0.0749	   0.2651	   0.5697	   0.2731	   0.5862	  -0.0358	   0.5446
18640000000.0000	  -0.5263	  -0.0538	   0.2812	   0.5707	   0.2852	   0.5814	  -0.0237	   0.5440
18720000000.0000	  -0.5144	  -0.0446	   0.2939	   0.5617	   0.2918	   0.5745	  -0.0127	   0.5497
18800000000.0000	  -0.5105	  -0.0596	   0.2986	   0.5486	   0.2984	   0.5699	  -0.0042	   0.5624
