frequency	e'	e''	u'	u''
1200000000.0000	  16.6110	   0.0601	   1.9163	   0.4099
1280000000.0000	  16.6327	   0.0551	   1.8865	   0.4126
1360000000.0000	  16.6297	   0.0600	   1.8658	   0.4183
1440000000.0000	  16.6396	   0.0755	   1.8464	   0.4150
1520000000.0000	  16.6374	   0.0548	   1.8212	   0.4196
1600000000.0000	  16.6332	   0.0540	   1.8033	   0.4190
1680000000.0000	  16.6452	   0.0712	   1.7916	   0.4161
1760000000.0000	  16.6274	   0.0430	   1.7806	   0.4287
1840000000.0000	  16.6266	   0.0462	   1.7660	   0.4330
1920000000.0000	  16.6334	   0.0574	   1.7526	   0.4290
2000000000.0000	  16.6179	   0.0591	   1.7486	   0.4329
2080000000.0000	  16.6208	   0.0653	   1.7418	   0.4385
2160000000.0000	  16.6267	   0.0603	   1.7259	   0.4394
2240000000.0000	  16.6143	   0.0769	   1.7181	   0.4381
2320000000.0000	  16.6054	   0.0817	   1.7169	   0.4445
2400000000.0000	  16.6033	   0.0722	   1.7080	   0.4503
2480000000.0000	  16.6031	   0.1044	   1.7014	   0.4465
2560000000.0000	  16.6085	   0.1334	   1.6988	   0.4440
2640000000.0000	  16.6138	   0.1349	   1.6862	   0.4427
2720000000.0000	  16.6202	   0.1230	   1.6693	   0.4420
2800000000.0000	  16.6175	   0.1402	   1.6642	   0.4385
2880000000.0000	  16.5979	   0.1515	   1.6648	   0.4415
2960000000.0000	  16.6155	   0.1575	   1.6526	   0.4440
3040000000.0000	  16.6403	   0.1598	   1.6325	   0.4369
3120000000.0000	  16.6296	   0.1666	   1.6268	   0.4346
3200000000.0000	  16.6149	   0.1534	   1.6184	   0.4395
3280000000.0000	  16.6235	   0.1317	   1.6007	   0.4385
3360000000.0000	  16.6278	   0.1403	   1.5932	   0.4358
3440000000.0000	  16.6067	   0.1303	   1.5922	   0.4403
3520000000.0000	  16.6133	   0.1113	   1.5800	   0.4473
3600000000.0000	  16.6336	   0.1087	   1.5673	   0.4456
3680000000.0000	  16.6272	   0.1162	   1.5659	   0.4438
3760000000.0000	  16.5983	   0.1011	   1.5670	   0.4530
3840000000.0000	  16.6215	   0.0873	   1.5511	   0.4523
3920000000.0000	  16.6279	   0.1026	   1.5455	   0.4484
4000000000.0000	  16.6006	   0.0998	   1.5531	   0.4564
4080000000.0000	  16.6080	   0.0769	   1.5472	   0.4626
4160000000.0000	  16.6381	   0.0743	   1.5350	   0.4643
4240000000.0000	  16.6358	   0.0985	   1.5326	   0.4632
4320000000.0000	  16.6166	   0.0949	   1.5338	   0.4703
4400000000.0000	  16.6349	   0.0831	   1.5206	   0.4690
4480000000.0000	  16.6613	   0.0776	   1.5095	   0.4675
4560000000.0000	  16.6370	   0.0672	   1.5113	   0.4757
4640000000.0000	  16.6360	   0.0621	   1.5064	   0.4837
4720000000.0000	  16.6583	   0.0771	   1.4912	   0.4773
4800000000.0000	  16.6597	   0.0877	   1.4865	   0.4743
4880000000.0000	  16.6465	   0.0600	   1.4894	   0.4825
4960000000.0000	  16.6758	   0.0421	   1.4788	   0.4859
5040000000.0000	  16.7049	   0.0749	   1.4679	   0.4778
5120000000.0000	  16.6946	   0.0693	   1.4669	   0.4790
5200000000.0000	  16.6924	   0.0475	   1.4675	   0.4874
5280000000.0000	  16.7435	   0.0588	   1.4554	   0.4850
5360000000.0000	  16.7792	   0.0984	   1.4451	   0.4776
5440000000.0000	  16.7722	   0.0720	   1.4444	   0.4849
5520000000.0000	  16.7882	   0.0548	   1.4366	   0.4853
5600000000.0000	  16.8220	   0.0735	   1.4290	   0.4784
5680000000.0000	  16.8418	   0.0779	   1.4240	   0.4801
5760000000.0000	  16.8864	   0.0576	   1.4190	   0.4920
5840000000.0000	  16.9201	   0.0759	   1.4077	   0.4898
5920000000.0000	  16.9248	   0.1193	   1.4041	   0.4802
6000000000.0000	  16.9544	   0.0981	   1.4014	   0.4875
6080000000.0000	  17.0222	   0.0917	   1.3935	   0.4961
6160000000.0000	  17.0514	   0.1622	   1.3876	   0.4875
6240000000.0000	  17.0687	   0.1911	   1.3828	   0.4832
6320000000.0000	  17.1347	   0.1931	   1.3810	   0.4933
6400000000.0000	  17.2036	   0.2356	   1.3740	   0.4927
6480000000.0000	  17.2180	   0.3102	   1.3688	   0.4823
6560000000.0000	  17.2724	   0.3500	   1.3637	   0.4832
6640000000.0000	  17.3743	   0.4008	   1.3529	   0.4865
6720000000.0000	  17.3916	   0.4808	   1.3490	   0.4812
6800000000.0000	  17.4101	   0.5585	   1.3461	   0.4731
6880000000.0000	  17.4980	   0.6600	   1.3366	   0.4768
6960000000.0000	  17.5296	   0.8008	   1.3292	   0.4752
7040000000.0000	  17.4993	   0.9311	   1.3287	   0.4633
7120000000.0000	  17.4988	   1.0635	   1.3241	   0.4616
7200000000.0000	  17.5052	   1.2793	   1.3179	   0.4645
7280000000.0000	  17.3651	   1.4624	   1.3156	   0.4626
7360000000.0000	  17.1854	   1.6162	   1.3167	   0.4546
7440000000.0000	  16.9974	   1.8269	   1.3187	   0.4566
7520000000.0000	  16.7150	   1.9498	   1.3148	   0.4599
7600000000.0000	  16.3973	   1.9224	   1.3178	   0.4586
7680000000.0000	  16.1280	   1.8416	   1.3187	   0.4589
7760000000.0000	  15.9047	   1.7756	   1.3141	   0.4655
7840000000.0000	  15.6828	   1.5955	   1.3109	   0.4710
7920000000.0000	  15.5563	   1.3558	   1.3095	   0.4698
8000000000.0000	  15.4975	   1.2016	   1.3057	   0.4724
8080000000.0000	  15.4579	   1.0772	   1.2979	   0.4784
8160000000.0000	  15.4325	   0.8975	   1.2933	   0.4791
8240000000.0000	  15.4620	   0.7336	   1.2923	   0.4763
8320000000.0000	  15.4865	   0.6894	   1.2880	   0.4747
8400000000.0000	  15.4933	   0.5851	   1.2794	   0.4802
8480000000.0000	  15.5533	   0.4510	   1.2762	   0.4765
8560000000.0000	  15.6136	   0.4130	   1.2767	   0.4726
8640000000.0000	  15.6240	   0.4165	   1.2711	   0.4709
8720000000.0000	  15.6619	   0.3125	   1.2659	   0.4723
8800000000.0000	  15.7559	   0.2053	   1.2627	   0.4690
8880000000.0000	  15.8241	   0.2487	   1.2605	   0.4629
8960000000.0000	  15.8033	   0.2424	   1.2529	   0.4618
9040000000.0000	  15.8610	   0.1201	   1.2490	   0.4619
9120000000.0000	  15.9579	   0.0818	   1.2490	   0.4584
9200000000.0000	  15.9587	   0.1307	   1.2458	   0.4568
9280000000.0000	  15.9648	   0.0962	   1.2388	   0.4566
9360000000.0000	  16.0654	  -0.0149	   1.2340	   0.4534
9440000000.0000	  16.1074	   0.0211	   1.2354	   0.4504
9520000000.0000	  16.0604	   0.0086	   1.2300	   0.4542
9600000000.0000	  16.1142	  -0.0658	   1.2227	   0.4544
9680000000.0000	  16.2162	  -0.0717	   1.2226	   0.4506
9760000000.0000	  16.1646	  -0.0052	   1.2244	   0.4496
9840000000.0000	  16.1321	  -0.0805	   1.2178	   0.4535
9920000000.0000	  16.2717	  -0.1524	   1.2129	   0.4517
10000000000.0000	  16.3214	  -0.0774	   1.2140	   0.4486
10080000000.0000	  16.2208	  -0.0616	   1.2121	   0.4501
10160000000.0000	  16.2535	  -0.1479	   1.2070	   0.4515
10240000000.0000	  16.4025	  -0.1485	   1.2052	   0.4494
10320000000.0000	  16.3821	  -0.0624	   1.2065	   0.4486
10400000000.0000	  16.3206	  -0.1128	   1.2006	   0.4512
10480000000.0000	  16.4279	  -0.1527	   1.1964	   0.4483
10560000000.0000	  16.4979	  -0.0730	   1.1976	   0.4451
10640000000.0000	  16.4091	  -0.0729	   1.1955	   0.4486
10720000000.0000	  16.4314	  -0.1450	   1.1889	   0.4491
10800000000.0000	  16.5296	  -0.1184	   1.1889	   0.4459
10880000000.0000	  16.5019	  -0.0269	   1.1917	   0.4445
10960000000.0000	  16.4625	  -0.1042	   1.1858	   0.4479
11040000000.0000	  16.5860	  -0.1274	   1.1797	   0.4443
11120000000.0000	  16.6289	  -0.0266	   1.1822	   0.4400
11200000000.0000	  16.5369	  -0.0465	   1.1819	   0.4439
11280000000.0000	  16.5920	  -0.1179	   1.1745	   0.4441
11360000000.0000	  16.7559	  -0.0896	   1.1688	   0.4384
11440000000.0000	  16.6979	   0.0184	   1.1733	   0.4373
11520000000.0000	  16.6342	  -0.0643	   1.1687	   0.4422
11600000000.0000	  16.7664	  -0.1508	   1.1583	   0.4401
11680000000.0000	  16.8532	  -0.0531	   1.1583	   0.4353
11760000000.0000	  16.7515	  -0.0355	   1.1594	   0.4382
11840000000.0000	  16.6930	  -0.1476	   1.1530	   0.4437
11920000000.0000	  16.8534	  -0.1440	   1.1458	   0.4387
12000000000.0000	  16.8587	  -0.0760	   1.1481	   0.4377
12080000000.0000	  16.7437	  -0.1395	   1.1458	   0.4440
12160000000.0000	  16.7967	  -0.1898	   1.1385	   0.4418
12240000000.0000	  16.8665	  -0.1648	   1.1366	   0.4394
12320000000.0000	  16.8407	  -0.1249	   1.1394	   0.4406
12400000000.0000	  16.8427	  -0.2378	   1.1307	   0.4441
12480000000.0000	  16.9535	  -0.2302	   1.1237	   0.4387
12560000000.0000	  16.9765	  -0.0774	   1.1283	   0.4342
12640000000.0000	  16.9428	  -0.1421	   1.1261	   0.4378
12720000000.0000	  16.9857	  -0.2770	   1.1157	   0.4398
12800000000.0000	  17.1823	  -0.1864	   1.1093	   0.4303
12880000000.0000	  17.1366	  -0.1001	   1.1131	   0.4302
12960000000.0000	  17.0169	  -0.2153	   1.1106	   0.4373
13040000000.0000	  17.2111	  -0.3283	   1.0975	   0.4333
13120000000.0000	  17.3362	  -0.2199	   1.0954	   0.4280
13200000000.0000	  17.2888	  -0.1499	   1.0977	   0.4287
13280000000.0000	  17.2480	  -0.3194	   1.0893	   0.4326
13360000000.0000	  17.4008	  -0.3663	   1.0813	   0.4284
13440000000.0000	  17.4540	  -0.1882	   1.0845	   0.4235
13520000000.0000	  17.4496	  -0.2645	   1.0795	   0.4270
13600000000.0000	  17.5264	  -0.3457	   1.0707	   0.4249
13680000000.0000	  17.6706	  -0.1867	   1.0693	   0.4148
13760000000.0000	  17.5498	  -0.1665	   1.0724	   0.4201
13840000000.0000	  17.6083	  -0.3402	   1.0621	   0.4236
13920000000.0000	  17.8308	  -0.2786	   1.0532	   0.4134
14000000000.0000	  17.8051	   0.0578	   1.0631	   0.4045
14080000000.0000	  17.6026	  -0.1078	   1.0622	   0.4169
14160000000.0000	  17.8858	  -0.3666	   1.0417	   0.4147
14240000000.0000	  18.0610	  -0.0863	   1.0426	   0.4005
14320000000.0000	  17.7389	   0.1298	   1.0584	   0.4053
14400000000.0000	  17.7238	  -0.1712	   1.0460	   0.4141
14480000000.0000	  18.2145	  -0.1461	   1.0289	   0.3952
14560000000.0000	  18.1235	   0.2145	   1.0419	   0.3875
14640000000.0000	  17.9247	   0.0412	   1.0402	   0.4023
14720000000.0000	  18.2274	  -0.0996	   1.0214	   0.3938
14800000000.0000	  18.4599	   0.2322	   1.0230	   0.3732
14880000000.0000	  18.0421	   0.2250	   1.0357	   0.3895
14960000000.0000	  18.2886	   0.0312	   1.0179	   0.3887
15040000000.0000	  18.7237	   0.3759	   1.0098	   0.3603
15120000000.0000	  18.3853	   0.6364	   1.0285	   0.3612
15200000000.0000	  18.1486	   0.2022	   1.0201	   0.3869
15280000000.0000	  18.6996	   0.1198	   0.9959	   0.3710
15360000000.0000	  18.6920	   0.8275	   1.0159	   0.3440
15440000000.0000	  18.1881	   0.6208	   1.0257	   0.3689
15520000000.0000	  18.3966	   0.0564	   0.9966	   0.3836
15600000000.0000	  18.9857	   0.5520	   0.9902	   0.3449
15680000000.0000	  18.4077	   0.9447	   1.0238	   0.3485
15760000000.0000	  18.1276	   0.4391	   1.0137	   0.3786
15840000000.0000	  18.6827	   0.5004	   0.9905	   0.3564
15920000000.0000	  18.7069	   1.1785	   1.0114	   0.3268
16000000000.0000	  18.2763	   0.9842	   1.0216	   0.3499
16080000000.0000	  18.6656	   0.5188	   0.9860	   0.3550
16160000000.0000	  18.9056	   1.2259	   0.9963	   0.3181
16240000000.0000	  18.4244	   1.3832	   1.0211	   0.3258
16320000000.0000	  18.5789	   1.0194	   1.0005	   0.3371
16400000000.0000	  19.0013	   1.4139	   0.9919	   0.3065
16480000000.0000	  18.6695	   2.0109	   1.0218	   0.2906
16560000000.0000	  18.4591	   1.2333	   1.0052	   0.3317
16640000000.0000	  19.1008	   1.3188	   0.9787	   0.3068
16720000000.0000	  18.9503	   2.1288	   1.0067	   0.2755
16800000000.0000	  18.4180	   2.0860	   1.0300	   0.2940
16880000000.0000	  18.8475	   1.6153	   0.9914	   0.3026
16960000000.0000	  19.1510	   2.1227	   0.9893	   0.2709
17040000000.0000	  18.5850	   2.3959	   1.0223	   0.2724
17120000000.0000	  18.6907	   2.0828	   1.0077	   0.2860
17200000000.0000	  19.0829	   2.1837	   0.9880	   0.2716
17280000000.0000	  18.6221	   2.5354	   1.0166	   0.2676
17360000000.0000	  18.5189	   2.2445	   1.0125	   0.2844
17440000000.0000	  18.9206	   2.1719	   0.9899	   0.2771
17520000000.0000	  18.8651	   2.4210	   0.9942	   0.2689
17600000000.0000	  18.3200	   2.2638	   1.0145	   0.2933
17680000000.0000	  18.4661	   1.8353	   0.9945	   0.3094
17760000000.0000	  18.9011	   2.1461	   0.9790	   0.2801
17840000000.0000	  18.5774	   2.3015	   0.9954	   0.2814
17920000000.0000	  18.0996	   1.8693	   1.0079	   0.3202
18000000000.0000	  18.4313	   1.7812	   0.9854	   0.3150
18080000000.0000	  18.5874	   2.0059	   0.9787	   0.2956
18160000000.0000	  18.1095	   1.9778	   1.0009	   0.3090
18240000000.0000	  18.0834	   1.6577	   0.9931	   0.3289
18320000000.0000	  18.4154	   1.9342	   0.9792	   0.3042
18400000000.0000	  18.1977	   1.8906	   0.9822	   0.3046
18480000000.0000	  18.0076	   1.6755	   0.9891	   0.3244
18560000000.0000	  18.1226	   1.7031	   0.9847	   0.3204
18640000000.0000	  18.0502	   2.1570	   1.0000	   0.2964
18720000000.0000	  17.7729	   1.8594	   1.0025	   0.3191
18800000000.0000	  18.0272	   1.6960	   0.9810	   0.3197
