Sample holder length =	6.9500e-003 meters
Sample thickness =	2.0000e-003 meters
Distance to sample =	0.0000e+000 meters
Sample holder Fco =	0.0000e+000 GHz
 
frequency	s11r	s11i	s21r	s21i	s12r	s12i	s22r	s22i
1200000000.0000	  -0.1366	  -0.3109	   0.7790	  -0.5036	   0.7794	  -0.5047	  -0.2125	  -0.2621
1280000000.0000	  -0.1533	  -0.3259	   0.7537	  -0.5261	   0.7541	  -0.5275	  -0.2366	  -0.2671
1360000000.0000	  -0.1698	  -0.3389	   0.7278	  -0.5467	   0.7285	  -0.5482	  -0.2608	  -0.2696
1440000000.0000	  -0.1871	  -0.3501	   0.7016	  -0.5658	   0.7020	  -0.5673	  -0.2859	  -0.2706
1520000000.0000	  -0.2035	  -0.3624	   0.6756	  -0.5838	   0.6757	  -0.5850	  -0.3101	  -0.2694
1600000000.0000	  -0.2207	  -0.3727	   0.6492	  -0.6000	   0.6492	  -0.6010	  -0.3341	  -0.2660
1680000000.0000	  -0.2388	  -0.3806	   0.6221	  -0.6144	   0.6221	  -0.6157	  -0.3584	  -0.2613
1760000000.0000	  -0.2543	  -0.3893	   0.5957	  -0.6283	   0.5954	  -0.6292	  -0.3812	  -0.2551
1840000000.0000	  -0.2713	  -0.3958	   0.5692	  -0.6401	   0.5683	  -0.6408	  -0.4042	  -0.2473
1920000000.0000	  -0.2893	  -0.4012	   0.5424	  -0.6502	   0.5417	  -0.6512	  -0.4265	  -0.2379
2000000000.0000	  -0.3053	  -0.4053	   0.5162	  -0.6600	   0.5155	  -0.6602	  -0.4478	  -0.2270
2080000000.0000	  -0.3216	  -0.4086	   0.4896	  -0.6679	   0.4891	  -0.6681	  -0.4688	  -0.2148
2160000000.0000	  -0.3389	  -0.4125	   0.4636	  -0.6744	   0.4633	  -0.6752	  -0.4881	  -0.2017
2240000000.0000	  -0.3549	  -0.4141	   0.4388	  -0.6797	   0.4379	  -0.6806	  -0.5066	  -0.1868
2320000000.0000	  -0.3694	  -0.4144	   0.4137	  -0.6851	   0.4125	  -0.6848	  -0.5248	  -0.1714
2400000000.0000	  -0.3844	  -0.4158	   0.3887	  -0.6892	   0.3879	  -0.6885	  -0.5415	  -0.1550
2480000000.0000	  -0.4003	  -0.4140	   0.3648	  -0.6908	   0.3639	  -0.6911	  -0.5572	  -0.1376
2560000000.0000	  -0.4157	  -0.4114	   0.3412	  -0.6919	   0.3401	  -0.6928	  -0.5720	  -0.1193
2640000000.0000	  -0.4300	  -0.4116	   0.3179	  -0.6932	   0.3173	  -0.6934	  -0.5857	  -0.0996
2720000000.0000	  -0.4443	  -0.4120	   0.2954	  -0.6936	   0.2948	  -0.6936	  -0.5983	  -0.0800
2800000000.0000	  -0.4585	  -0.4091	   0.2737	  -0.6927	   0.2729	  -0.6935	  -0.6092	  -0.0599
2880000000.0000	  -0.4702	  -0.4056	   0.2525	  -0.6921	   0.2516	  -0.6926	  -0.6192	  -0.0392
2960000000.0000	  -0.4832	  -0.4029	   0.2311	  -0.6899	   0.2303	  -0.6904	  -0.6289	  -0.0181
3040000000.0000	  -0.4980	  -0.4016	   0.2109	  -0.6865	   0.2101	  -0.6882	  -0.6367	   0.0034
3120000000.0000	  -0.5098	  -0.3979	   0.1917	  -0.6839	   0.1905	  -0.6858	  -0.6434	   0.0249
3200000000.0000	  -0.5201	  -0.3958	   0.1722	  -0.6814	   0.1714	  -0.6828	  -0.6489	   0.0468
3280000000.0000	  -0.5321	  -0.3948	   0.1537	  -0.6776	   0.1524	  -0.6794	  -0.6537	   0.0688
3360000000.0000	  -0.5436	  -0.3899	   0.1365	  -0.6735	   0.1335	  -0.6753	  -0.6576	   0.0904
3440000000.0000	  -0.5528	  -0.3856	   0.1183	  -0.6703	   0.1158	  -0.6712	  -0.6600	   0.1120
3520000000.0000	  -0.5622	  -0.3835	   0.0994	  -0.6657	   0.0991	  -0.6659	  -0.6617	   0.1345
3600000000.0000	  -0.5730	  -0.3793	   0.0827	  -0.6595	   0.0821	  -0.6611	  -0.6630	   0.1564
3680000000.0000	  -0.5824	  -0.3732	   0.0671	  -0.6546	   0.0653	  -0.6561	  -0.6629	   0.1781
3760000000.0000	  -0.5888	  -0.3691	   0.0501	  -0.6503	   0.0495	  -0.6507	  -0.6610	   0.2000
3840000000.0000	  -0.5989	  -0.3661	   0.0341	  -0.6437	   0.0345	  -0.6446	  -0.6591	   0.2218
3920000000.0000	  -0.6076	  -0.3599	   0.0204	  -0.6370	   0.0191	  -0.6390	  -0.6564	   0.2434
4000000000.0000	  -0.6134	  -0.3525	   0.0052	  -0.6322	   0.0037	  -0.6330	  -0.6526	   0.2637
4080000000.0000	  -0.6207	  -0.3489	  -0.0106	  -0.6257	  -0.0105	  -0.6266	  -0.6476	   0.2849
4160000000.0000	  -0.6291	  -0.3443	  -0.0245	  -0.6181	  -0.0244	  -0.6190	  -0.6423	   0.3058
4240000000.0000	  -0.6353	  -0.3361	  -0.0365	  -0.6113	  -0.0381	  -0.6121	  -0.6371	   0.3258
4320000000.0000	  -0.6401	  -0.3305	  -0.0504	  -0.6045	  -0.0512	  -0.6058	  -0.6295	   0.3456
4400000000.0000	  -0.6481	  -0.3267	  -0.0632	  -0.5965	  -0.0633	  -0.5990	  -0.6218	   0.3652
4480000000.0000	  -0.6558	  -0.3220	  -0.0745	  -0.5892	  -0.0761	  -0.5909	  -0.6136	   0.3846
4560000000.0000	  -0.6593	  -0.3152	  -0.0868	  -0.5831	  -0.0890	  -0.5834	  -0.6052	   0.4026
4640000000.0000	  -0.6635	  -0.3102	  -0.0994	  -0.5745	  -0.1002	  -0.5764	  -0.5953	   0.4208
4720000000.0000	  -0.6709	  -0.3054	  -0.1090	  -0.5660	  -0.1104	  -0.5690	  -0.5851	   0.4389
4800000000.0000	  -0.6759	  -0.2987	  -0.1183	  -0.5597	  -0.1218	  -0.5608	  -0.5751	   0.4566
4880000000.0000	  -0.6795	  -0.2932	  -0.1307	  -0.5528	  -0.1334	  -0.5534	  -0.5634	   0.4730
4960000000.0000	  -0.6855	  -0.2890	  -0.1419	  -0.5434	  -0.1432	  -0.5457	  -0.5514	   0.4893
5040000000.0000	  -0.6915	  -0.2829	  -0.1497	  -0.5356	  -0.1524	  -0.5372	  -0.5388	   0.5061
5120000000.0000	  -0.6950	  -0.2764	  -0.1592	  -0.5294	  -0.1627	  -0.5291	  -0.5266	   0.5215
5200000000.0000	  -0.6977	  -0.2711	  -0.1705	  -0.5206	  -0.1727	  -0.5220	  -0.5129	   0.5361
5280000000.0000	  -0.7043	  -0.2660	  -0.1786	  -0.5108	  -0.1813	  -0.5137	  -0.4985	   0.5506
5360000000.0000	  -0.7087	  -0.2590	  -0.1853	  -0.5037	  -0.1890	  -0.5043	  -0.4849	   0.5657
5440000000.0000	  -0.7109	  -0.2540	  -0.1952	  -0.4964	  -0.1985	  -0.4957	  -0.4703	   0.5788
5520000000.0000	  -0.7155	  -0.2500	  -0.2035	  -0.4868	  -0.2069	  -0.4892	  -0.4551	   0.5914
5600000000.0000	  -0.7209	  -0.2447	  -0.2101	  -0.4789	  -0.2147	  -0.4811	  -0.4387	   0.6044
5680000000.0000	  -0.7230	  -0.2383	  -0.2182	  -0.4721	  -0.2220	  -0.4712	  -0.4240	   0.6167
5760000000.0000	  -0.7244	  -0.2328	  -0.2272	  -0.4612	  -0.2300	  -0.4620	  -0.4084	   0.6278
5840000000.0000	  -0.7290	  -0.2283	  -0.2326	  -0.4517	  -0.2369	  -0.4545	  -0.3917	   0.6380
5920000000.0000	  -0.7319	  -0.2222	  -0.2383	  -0.4461	  -0.2429	  -0.4464	  -0.3744	   0.6493
6000000000.0000	  -0.7327	  -0.2164	  -0.2472	  -0.4375	  -0.2497	  -0.4368	  -0.3584	   0.6594
6080000000.0000	  -0.7346	  -0.2105	  -0.2533	  -0.4257	  -0.2572	  -0.4278	  -0.3420	   0.6681
6160000000.0000	  -0.7380	  -0.2042	  -0.2572	  -0.4183	  -0.2622	  -0.4201	  -0.3234	   0.6766
6240000000.0000	  -0.7394	  -0.1982	  -0.2639	  -0.4120	  -0.2665	  -0.4113	  -0.3062	   0.6857
6320000000.0000	  -0.7385	  -0.1916	  -0.2713	  -0.4010	  -0.2725	  -0.4016	  -0.2887	   0.6937
6400000000.0000	  -0.7410	  -0.1845	  -0.2741	  -0.3907	  -0.2792	  -0.3934	  -0.2711	   0.7001
6480000000.0000	  -0.7438	  -0.1790	  -0.2780	  -0.3853	  -0.2828	  -0.3854	  -0.2517	   0.7064
6560000000.0000	  -0.7438	  -0.1730	  -0.2842	  -0.3769	  -0.2860	  -0.3760	  -0.2334	   0.7130
6640000000.0000	  -0.7439	  -0.1664	  -0.2870	  -0.3656	  -0.2903	  -0.3666	  -0.2162	   0.7193
6720000000.0000	  -0.7456	  -0.1605	  -0.2892	  -0.3587	  -0.2951	  -0.3591	  -0.1970	   0.7227
6800000000.0000	  -0.7468	  -0.1548	  -0.2941	  -0.3528	  -0.2973	  -0.3515	  -0.1772	   0.7270
6880000000.0000	  -0.7453	  -0.1490	  -0.2967	  -0.3424	  -0.2991	  -0.3421	  -0.1585	   0.7307
6960000000.0000	  -0.7434	  -0.1427	  -0.2967	  -0.3344	  -0.3019	  -0.3341	  -0.1402	   0.7335
7040000000.0000	  -0.7449	  -0.1364	  -0.2993	  -0.3299	  -0.3044	  -0.3284	  -0.1205	   0.7342
7120000000.0000	  -0.7442	  -0.1314	  -0.3027	  -0.3222	  -0.3047	  -0.3218	  -0.1014	   0.7340
7200000000.0000	  -0.7389	  -0.1252	  -0.3011	  -0.3139	  -0.3060	  -0.3138	  -0.0831	   0.7342
7280000000.0000	  -0.7357	  -0.1207	  -0.3012	  -0.3109	  -0.3075	  -0.3077	  -0.0662	   0.7311
7360000000.0000	  -0.7342	  -0.1163	  -0.3049	  -0.3079	  -0.3075	  -0.3052	  -0.0489	   0.7278
7440000000.0000	  -0.7273	  -0.1120	  -0.3062	  -0.3022	  -0.3074	  -0.3022	  -0.0318	   0.7239
7520000000.0000	  -0.7213	  -0.1101	  -0.3054	  -0.3006	  -0.3101	  -0.2990	  -0.0194	   0.7198
7600000000.0000	  -0.7192	  -0.1097	  -0.3106	  -0.3008	  -0.3149	  -0.2975	  -0.0066	   0.7152
7680000000.0000	  -0.7179	  -0.1092	  -0.3181	  -0.2981	  -0.3191	  -0.2969	   0.0051	   0.7118
7760000000.0000	  -0.7131	  -0.1098	  -0.3223	  -0.2940	  -0.3240	  -0.2941	   0.0164	   0.7108
7840000000.0000	  -0.7110	  -0.1113	  -0.3282	  -0.2920	  -0.3326	  -0.2898	   0.0267	   0.7106
7920000000.0000	  -0.7143	  -0.1111	  -0.3382	  -0.2879	  -0.3413	  -0.2856	   0.0384	   0.7108
8000000000.0000	  -0.7147	  -0.1107	  -0.3457	  -0.2804	  -0.3478	  -0.2801	   0.0524	   0.7113
8080000000.0000	  -0.7120	  -0.1106	  -0.3505	  -0.2736	  -0.3537	  -0.2718	   0.0663	   0.7133
8160000000.0000	  -0.7144	  -0.1092	  -0.3579	  -0.2669	  -0.3610	  -0.2642	   0.0802	   0.7138
8240000000.0000	  -0.7181	  -0.1057	  -0.3660	  -0.2575	  -0.3680	  -0.2574	   0.0963	   0.7134
8320000000.0000	  -0.7174	  -0.1032	  -0.3694	  -0.2493	  -0.3726	  -0.2496	   0.1140	   0.7125
8400000000.0000	  -0.7163	  -0.1028	  -0.3731	  -0.2423	  -0.3772	  -0.2389	   0.1291	   0.7117
8480000000.0000	  -0.7195	  -0.0990	  -0.3798	  -0.2333	  -0.3824	  -0.2305	   0.1460	   0.7102
8560000000.0000	  -0.7213	  -0.0926	  -0.3842	  -0.2227	  -0.3867	  -0.2238	   0.1627	   0.7058
8640000000.0000	  -0.7185	  -0.0905	  -0.3858	  -0.2162	  -0.3895	  -0.2153	   0.1803	   0.7033
8720000000.0000	  -0.7193	  -0.0892	  -0.3902	  -0.2087	  -0.3935	  -0.2046	   0.1973	   0.6993
8800000000.0000	  -0.7235	  -0.0826	  -0.3953	  -0.1980	  -0.3975	  -0.1961	   0.2121	   0.6945
8880000000.0000	  -0.7227	  -0.0776	  -0.3965	  -0.1889	  -0.3998	  -0.1893	   0.2303	   0.6884
8960000000.0000	  -0.7207	  -0.0780	  -0.3981	  -0.1838	  -0.4014	  -0.1809	   0.2471	   0.6832
9040000000.0000	  -0.7226	  -0.0747	  -0.4028	  -0.1746	  -0.4051	  -0.1710	   0.2625	   0.6773
9120000000.0000	  -0.7241	  -0.0670	  -0.4054	  -0.1637	  -0.4088	  -0.1628	   0.2776	   0.6696
9200000000.0000	  -0.7205	  -0.0654	  -0.4061	  -0.1569	  -0.4100	  -0.1551	   0.2942	   0.6618
9280000000.0000	  -0.7200	  -0.0658	  -0.4084	  -0.1506	  -0.4110	  -0.1461	   0.3100	   0.6539
9360000000.0000	  -0.7230	  -0.0594	  -0.4116	  -0.1403	  -0.4143	  -0.1372	   0.3238	   0.6471
9440000000.0000	  -0.7209	  -0.0534	  -0.4123	  -0.1311	  -0.4172	  -0.1297	   0.3382	   0.6371
9520000000.0000	  -0.7173	  -0.0556	  -0.4138	  -0.1248	  -0.4175	  -0.1210	   0.3527	   0.6279
9600000000.0000	  -0.7181	  -0.0534	  -0.4162	  -0.1163	  -0.4181	  -0.1117	   0.3660	   0.6193
9680000000.0000	  -0.7175	  -0.0445	  -0.4169	  -0.1060	  -0.4209	  -0.1031	   0.3782	   0.6099
9760000000.0000	  -0.7120	  -0.0420	  -0.4176	  -0.0990	  -0.4226	  -0.0964	   0.3917	   0.5991
9840000000.0000	  -0.7117	  -0.0447	  -0.4198	  -0.0916	  -0.4229	  -0.0877	   0.4043	   0.5878
9920000000.0000	  -0.7125	  -0.0380	  -0.4209	  -0.0811	  -0.4240	  -0.0773	   0.4160	   0.5781
10000000000.0000	  -0.7088	  -0.0305	  -0.4195	  -0.0729	  -0.4258	  -0.0688	   0.4265	   0.5670
10080000000.0000	  -0.7046	  -0.0326	  -0.4213	  -0.0672	  -0.4258	  -0.0619	   0.4387	   0.5552
10160000000.0000	  -0.7049	  -0.0321	  -0.4236	  -0.0578	  -0.4259	  -0.0531	   0.4502	   0.5430
10240000000.0000	  -0.7029	  -0.0233	  -0.4224	  -0.0469	  -0.4268	  -0.0429	   0.4596	   0.5319
10320000000.0000	  -0.6975	  -0.0203	  -0.4209	  -0.0400	  -0.4276	  -0.0347	   0.4695	   0.5192
10400000000.0000	  -0.6965	  -0.0230	  -0.4228	  -0.0337	  -0.4265	  -0.0268	   0.4794	   0.5068
10480000000.0000	  -0.6961	  -0.0182	  -0.4237	  -0.0235	  -0.4259	  -0.0180	   0.4893	   0.4944
10560000000.0000	  -0.6913	  -0.0111	  -0.4214	  -0.0147	  -0.4265	  -0.0090	   0.4974	   0.4819
10640000000.0000	  -0.6877	  -0.0125	  -0.4211	  -0.0084	  -0.4265	  -0.0011	   0.5051	   0.4692
10720000000.0000	  -0.6885	  -0.0134	  -0.4225	  -0.0003	  -0.4248	   0.0075	   0.5137	   0.4552
10800000000.0000	  -0.6843	  -0.0065	  -0.4221	   0.0100	  -0.4239	   0.0165	   0.5216	   0.4428
10880000000.0000	  -0.6781	  -0.0025	  -0.4205	   0.0175	  -0.4238	   0.0243	   0.5282	   0.4298
10960000000.0000	  -0.6776	  -0.0050	  -0.4202	   0.0253	  -0.4233	   0.0322	   0.5348	   0.4163
11040000000.0000	  -0.6774	  -0.0015	  -0.4192	   0.0344	  -0.4213	   0.0414	   0.5420	   0.4025
11120000000.0000	  -0.6719	   0.0053	  -0.4179	   0.0420	  -0.4198	   0.0507	   0.5471	   0.3895
11200000000.0000	  -0.6665	   0.0045	  -0.4181	   0.0497	  -0.4184	   0.0585	   0.5528	   0.3772
11280000000.0000	  -0.6672	   0.0044	  -0.4168	   0.0597	  -0.4168	   0.0658	   0.5582	   0.3630
11360000000.0000	  -0.6660	   0.0091	  -0.4136	   0.0689	  -0.4145	   0.0748	   0.5635	   0.3489
11440000000.0000	  -0.6583	   0.0125	  -0.4118	   0.0751	  -0.4130	   0.0838	   0.5674	   0.3360
11520000000.0000	  -0.6563	   0.0102	  -0.4117	   0.0828	  -0.4105	   0.0918	   0.5711	   0.3234
11600000000.0000	  -0.6577	   0.0109	  -0.4095	   0.0933	  -0.4077	   0.0991	   0.5760	   0.3094
11680000000.0000	  -0.6524	   0.0160	  -0.4055	   0.1022	  -0.4054	   0.1075	   0.5790	   0.2961
11760000000.0000	  -0.6469	   0.0153	  -0.4036	   0.1087	  -0.4037	   0.1157	   0.5816	   0.2834
11840000000.0000	  -0.6464	   0.0126	  -0.4025	   0.1161	  -0.4011	   0.1237	   0.5835	   0.2712
11920000000.0000	  -0.6451	   0.0161	  -0.3988	   0.1261	  -0.3972	   0.1313	   0.5864	   0.2579
12000000000.0000	  -0.6384	   0.0184	  -0.3951	   0.1349	  -0.3946	   0.1398	   0.5879	   0.2447
12080000000.0000	  -0.6348	   0.0158	  -0.3928	   0.1417	  -0.3922	   0.1476	   0.5889	   0.2333
12160000000.0000	  -0.6352	   0.0162	  -0.3905	   0.1489	  -0.3892	   0.1556	   0.5905	   0.2198
12240000000.0000	  -0.6305	   0.0194	  -0.3869	   0.1581	  -0.3852	   0.1639	   0.5915	   0.2078
12320000000.0000	  -0.6225	   0.0206	  -0.3832	   0.1673	  -0.3814	   0.1723	   0.5921	   0.1959
12400000000.0000	  -0.6232	   0.0176	  -0.3800	   0.1751	  -0.3778	   0.1794	   0.5923	   0.1832
12480000000.0000	  -0.6223	   0.0204	  -0.3755	   0.1822	  -0.3742	   0.1871	   0.5929	   0.1712
12560000000.0000	  -0.6136	   0.0233	  -0.3701	   0.1897	  -0.3698	   0.1956	   0.5927	   0.1588
12640000000.0000	  -0.6088	   0.0216	  -0.3671	   0.1980	  -0.3655	   0.2040	   0.5928	   0.1469
12720000000.0000	  -0.6105	   0.0207	  -0.3640	   0.2060	  -0.3609	   0.2110	   0.5916	   0.1360
12800000000.0000	  -0.6076	   0.0247	  -0.3573	   0.2134	  -0.3559	   0.2183	   0.5918	   0.1241
12880000000.0000	  -0.5994	   0.0238	  -0.3513	   0.2204	  -0.3515	   0.2265	   0.5908	   0.1120
12960000000.0000	  -0.5971	   0.0204	  -0.3492	   0.2274	  -0.3468	   0.2341	   0.5883	   0.1013
13040000000.0000	  -0.5981	   0.0226	  -0.3448	   0.2365	  -0.3410	   0.2415	   0.5876	   0.0907
13120000000.0000	  -0.5919	   0.0241	  -0.3358	   0.2442	  -0.3353	   0.2487	   0.5862	   0.0802
13200000000.0000	  -0.5848	   0.0222	  -0.3291	   0.2505	  -0.3301	   0.2561	   0.5843	   0.0693
13280000000.0000	  -0.5862	   0.0205	  -0.3278	   0.2571	  -0.3250	   0.2631	   0.5815	   0.0592
13360000000.0000	  -0.5838	   0.0230	  -0.3223	   0.2658	  -0.3185	   0.2706	   0.5796	   0.0498
13440000000.0000	  -0.5751	   0.0227	  -0.3125	   0.2719	  -0.3120	   0.2778	   0.5774	   0.0393
13520000000.0000	  -0.5720	   0.0194	  -0.3067	   0.2789	  -0.3055	   0.2844	   0.5749	   0.0296
13600000000.0000	  -0.5718	   0.0202	  -0.3028	   0.2862	  -0.2991	   0.2904	   0.5722	   0.0205
13680000000.0000	  -0.5657	   0.0235	  -0.2947	   0.2915	  -0.2919	   0.2976	   0.5703	   0.0116
13760000000.0000	  -0.5588	   0.0188	  -0.2873	   0.2968	  -0.2852	   0.3042	   0.5670	   0.0026
13840000000.0000	  -0.5587	   0.0163	  -0.2824	   0.3049	  -0.2778	   0.3103	   0.5635	  -0.0059
13920000000.0000	  -0.5575	   0.0191	  -0.2746	   0.3120	  -0.2703	   0.3148	   0.5606	  -0.0144
14000000000.0000	  -0.5474	   0.0193	  -0.2641	   0.3135	  -0.2626	   0.3214	   0.5578	  -0.0229
14080000000.0000	  -0.5439	   0.0131	  -0.2598	   0.3189	  -0.2559	   0.3271	   0.5538	  -0.0305
14160000000.0000	  -0.5474	   0.0130	  -0.2533	   0.3296	  -0.2484	   0.3326	   0.5500	  -0.0385
14240000000.0000	  -0.5413	   0.0158	  -0.2424	   0.3335	  -0.2396	   0.3373	   0.5471	  -0.0457
14320000000.0000	  -0.5306	   0.0107	  -0.2345	   0.3323	  -0.2318	   0.3432	   0.5441	  -0.0528
14400000000.0000	  -0.5319	   0.0073	  -0.2310	   0.3412	  -0.2249	   0.3474	   0.5397	  -0.0595
14480000000.0000	  -0.5328	   0.0121	  -0.2203	   0.3514	  -0.2163	   0.3521	   0.5357	  -0.0672
14560000000.0000	  -0.5237	   0.0109	  -0.2093	   0.3515	  -0.2068	   0.3566	   0.5320	  -0.0736
14640000000.0000	  -0.5190	   0.0029	  -0.2025	   0.3526	  -0.1987	   0.3621	   0.5302	  -0.0794
14720000000.0000	  -0.5227	   0.0039	  -0.1961	   0.3620	  -0.1911	   0.3651	   0.5255	  -0.0871
14800000000.0000	  -0.5179	   0.0076	  -0.1848	   0.3675	  -0.1817	   0.3688	   0.5208	  -0.0939
14880000000.0000	  -0.5089	  -0.0013	  -0.1782	   0.3658	  -0.1720	   0.3731	   0.5186	  -0.0993
14960000000.0000	  -0.5102	  -0.0052	  -0.1687	   0.3712	  -0.1633	   0.3777	   0.5155	  -0.1059
15040000000.0000	  -0.5116	   0.0003	  -0.1566	   0.3775	  -0.1548	   0.3787	   0.5100	  -0.1126
15120000000.0000	  -0.5026	  -0.0039	  -0.1489	   0.3762	  -0.1452	   0.3813	   0.5062	  -0.1189
15200000000.0000	  -0.5003	  -0.0161	  -0.1456	   0.3775	  -0.1351	   0.3851	   0.5043	  -0.1251
15280000000.0000	  -0.5043	  -0.0155	  -0.1319	   0.3854	  -0.1270	   0.3886	   0.5000	  -0.1305
15360000000.0000	  -0.4972	  -0.0111	  -0.1185	   0.3853	  -0.1177	   0.3883	   0.4956	  -0.1360
15440000000.0000	  -0.4905	  -0.0236	  -0.1166	   0.3823	  -0.1073	   0.3908	   0.4927	  -0.1439
15520000000.0000	  -0.4945	  -0.0316	  -0.1102	   0.3896	  -0.0980	   0.3933	   0.4902	  -0.1481
15600000000.0000	  -0.4933	  -0.0259	  -0.0907	   0.3939	  -0.0898	   0.3955	   0.4868	  -0.1535
15680000000.0000	  -0.4829	  -0.0310	  -0.0817	   0.3898	  -0.0799	   0.3941	   0.4822	  -0.1592
15760000000.0000	  -0.4822	  -0.0435	  -0.0817	   0.3884	  -0.0699	   0.3969	   0.4792	  -0.1655
15840000000.0000	  -0.4859	  -0.0420	  -0.0711	   0.3925	  -0.0594	   0.3983	   0.4778	  -0.1711
15920000000.0000	  -0.4785	  -0.0387	  -0.0529	   0.3923	  -0.0516	   0.3985	   0.4740	  -0.1766
16000000000.0000	  -0.4741	  -0.0508	  -0.0489	   0.3912	  -0.0405	   0.3966	   0.4688	  -0.1830
16080000000.0000	  -0.4797	  -0.0582	  -0.0447	   0.3963	  -0.0302	   0.3981	   0.4666	  -0.1893
16160000000.0000	  -0.4767	  -0.0522	  -0.0281	   0.3932	  -0.0213	   0.3979	   0.4655	  -0.1946
16240000000.0000	  -0.4684	  -0.0575	  -0.0191	   0.3884	  -0.0124	   0.3974	   0.4618	  -0.1999
16320000000.0000	  -0.4725	  -0.0692	  -0.0139	   0.3943	  -0.0012	   0.3932	   0.4562	  -0.2065
16400000000.0000	  -0.4754	  -0.0674	   0.0001	   0.3924	   0.0083	   0.3940	   0.4540	  -0.2120
16480000000.0000	  -0.4683	  -0.0644	   0.0127	   0.3822	   0.0170	   0.3927	   0.4543	  -0.2171
16560000000.0000	  -0.4665	  -0.0795	   0.0135	   0.3847	   0.0252	   0.3916	   0.4506	  -0.2225
16640000000.0000	  -0.4745	  -0.0837	   0.0263	   0.3927	   0.0364	   0.3866	   0.4455	  -0.2280
16720000000.0000	  -0.4705	  -0.0791	   0.0404	   0.3816	   0.0463	   0.3856	   0.4447	  -0.2344
16800000000.0000	  -0.4610	  -0.0848	   0.0464	   0.3737	   0.0553	   0.3827	   0.4443	  -0.2409
16880000000.0000	  -0.4690	  -0.0943	   0.0525	   0.3792	   0.0623	   0.3797	   0.4409	  -0.2454
16960000000.0000	  -0.4740	  -0.0933	   0.0652	   0.3776	   0.0720	   0.3743	   0.4380	  -0.2514
17040000000.0000	  -0.4642	  -0.0931	   0.0709	   0.3672	   0.0819	   0.3728	   0.4371	  -0.2587
17120000000.0000	  -0.4646	  -0.1029	   0.0795	   0.3675	   0.0898	   0.3675	   0.4360	  -0.2642
17200000000.0000	  -0.4736	  -0.1061	   0.0919	   0.3649	   0.0947	   0.3634	   0.4334	  -0.2690
17280000000.0000	  -0.4713	  -0.1040	   0.0960	   0.3554	   0.1037	   0.3585	   0.4296	  -0.2744
17360000000.0000	  -0.4657	  -0.1118	   0.1007	   0.3527	   0.1127	   0.3557	   0.4295	  -0.2819
17440000000.0000	  -0.4713	  -0.1203	   0.1129	   0.3524	   0.1196	   0.3506	   0.4271	  -0.2889
17520000000.0000	  -0.4766	  -0.1192	   0.1198	   0.3439	   0.1240	   0.3456	   0.4240	  -0.2940
17600000000.0000	  -0.4697	  -0.1225	   0.1204	   0.3371	   0.1313	   0.3400	   0.4214	  -0.2993
17680000000.0000	  -0.4674	  -0.1346	   0.1285	   0.3361	   0.1390	   0.3373	   0.4205	  -0.3068
17760000000.0000	  -0.4756	  -0.1347	   0.1395	   0.3338	   0.1455	   0.3328	   0.4182	  -0.3141
17840000000.0000	  -0.4747	  -0.1325	   0.1439	   0.3275	   0.1503	   0.3271	   0.4146	  -0.3189
17920000000.0000	  -0.4657	  -0.1430	   0.1477	   0.3210	   0.1566	   0.3207	   0.4121	  -0.3247
18000000000.0000	  -0.4720	  -0.1498	   0.1555	   0.3152	   0.1623	   0.3183	   0.4097	  -0.3323
18080000000.0000	  -0.4756	  -0.1455	   0.1605	   0.3137	   0.1684	   0.3144	   0.4081	  -0.3385
18160000000.0000	  -0.4671	  -0.1473	   0.1651	   0.3103	   0.1740	   0.3084	   0.4034	  -0.3449
18240000000.0000	  -0.4668	  -0.1585	   0.1717	   0.3035	   0.1805	   0.3027	   0.4006	  -0.3511
18320000000.0000	  -0.4756	  -0.1572	   0.1775	   0.2969	   0.1851	   0.2995	   0.3974	  -0.3597
18400000000.0000	  -0.4720	  -0.1532	   0.1794	   0.2983	   0.1907	   0.2995	   0.3935	  -0.3623
18480000000.0000	  -0.4680	  -0.1641	   0.1862	   0.2928	   0.1986	   0.2887	   0.3896	  -0.3697
18560000000.0000	  -0.4725	  -0.1689	   0.1937	   0.2845	   0.2052	   0.2829	   0.3863	  -0.3761
18640000000.0000	  -0.4736	  -0.1617	   0.2008	   0.2776	   0.2097	   0.2776	   0.3829	  -0.3843
18720000000.0000	  -0.4671	  -0.1672	   0.2032	   0.2761	   0.2137	   0.2719	   0.3783	  -0.3902
18800000000.0000	  -0.4673	  -0.1767	   0.2064	   0.2729	   0.2207	   0.2655	   0.3749	  -0.4032
